ld"',;[](){}+-*/<>=&|.!
0,1,2,5,8,11,11,11,11,11,11,11,11,12,15,18,20,22,24,26,28,30,,32,
1,1,1,,,,,,,,,,,,,,,,,,,,,,
2,,2,,,,,,,,,,,,,,,,,,,,3,,
3,,4,,,,,,,,,,,,,,,,,,,,,,
4,,4,,,,,,,,,,,,,,,,,,,,,,
5,6,,,,,,,,,,,,,,,,,,,,,,,
6,,,7,,,,,,,,,,,,,,,,,,,,,
7,,,,,,,,,,,,,,,,,,,,,,,,
8,9,,,,,,,,,,,,,,,,,,,,,,,
9,,,,10,,,,,,,,,,,,,,,,,,,,
10,,,,,,,,,,,,,,,,,,,,,,,,
11,,,,,,,,,,,,,,,,,,,,,,,,
12,,,,,,,,,,,,,13,,,,,,14,,,,,
13,,,,,,,,,,,,,,,,,,,,,,,,
14,,,,,,,,,,,,,,,,,,,,,,,,
15,,,,,,,,,,,,,,16,,,,,17,,,,,
16,,,,,,,,,,,,,,,,,,,,,,,,
17,,,,,,,,,,,,,,,,,,,,,,,,
18,,,,,,,,,,,,,,,,,,,19,,,,,
19,,,,,,,,,,,,,,,,,,,,,,,,
20,,,,,,,,,,,,,,,,,,,21,,,,,
21,,,,,,,,,,,,,,,,,,,,,,,,
22,,,,,,,,,,,,,,,,,,,23,,,,,,
23,,,,,,,,,,,,,,,,,,,,,,,,
24,,,,,,,,,,,,,,,,,,,24,,,,,
25,,,,,,,,,,,,,,,,,,,,,,,,
26,,,,,,,,,,,,,,,,,,,27,,,,,
27,,,,,,,,,,,,,,,,,,,,,,,,
28,,,,,,,,,,,,,,,,,,,,29,,,,
29,,,,,,,,,,,,,,,,,,,,,,,,
30,,,,,,,,,,,,,,,,,,,,,31,,,
31,,,,,,,,,,,,,,,,,,,,,,,,
32,,,,,,,,,,,,,,,,,,,33,,,,,
33,,,,,,,,,,,,,,,,,,,,,,,,